structure(list(country = structure(c(28L, 28L, 74L, 53L, 28L, 
42L, 88L, 74L, 18L, 42L, 88L, 88L, 88L, 18L, 88L, 43L, 19L, 78L, 
88L, 41L, 43L, 18L, 42L, 88L, 88L, 87L, 25L, 142L, 87L, 74L, 
18L, 75L, 88L, 78L, 43L, 43L, 19L, 88L, 41L, 78L, 18L, 53L, 19L, 
18L, 80L, 28L, 87L, 18L, 18L, 87L, 42L, 142L, 87L, 47L, 25L, 
80L, 108L, 78L, 87L, 80L, 74L, 19L, 74L, 87L, 42L, 75L, 52L, 
108L, 42L, 43L, 43L, 142L, 47L, 42L, 53L, 19L, 42L, 19L, 142L, 
43L, 75L, 108L, 17L, 80L, 90L, 59L, 18L, 87L, 43L, 18L, 78L, 
43L, 87L, 142L, 75L, 43L, 113L, 75L, 53L, 25L, 52L, 43L, 53L, 
94L, 94L, 80L, 41L, 42L, 78L, 108L, 59L, 108L, 108L, 90L, 47L, 
94L, 138L, 75L, 88L, 47L, 25L, 17L, 133L, 80L, 94L, 75L, 18L, 
19L, 9L, 18L, 78L, 87L, 75L, 1L, 78L, 75L, 138L, 75L, 42L, 133L, 
1L, 90L, 47L, 59L, 9L, 47L, 9L, 78L, 78L, 47L, 94L, 108L, 142L, 
41L, 28L, 28L, 90L, 138L, 90L, 25L, 9L, 133L, 19L, 19L, 80L, 
9L, 98L, 142L, 9L, 52L, 80L, 43L, 78L, 142L, 90L, 127L, 113L, 
138L, 59L, 22L, 142L, 138L, 52L, 138L, 75L, 53L, 127L, 90L, 9L, 
127L, 17L, 59L, 87L, 1L, 19L, 133L, 47L, 53L, 108L, 22L, 80L, 
1L, 22L, 25L, 52L, 81L, 17L, 74L, 53L, 98L, 22L, 60L, 9L, 47L, 
47L, 128L, 78L, 94L, 60L, 53L, 42L, 133L, 138L, 74L, 133L, 90L, 
1L, 28L, 140L, 108L, 1L, 84L, 142L, 127L, 80L, 142L, 128L, 52L, 
17L, 28L, 53L, 74L, 23L, 142L, 75L, 98L, 140L, 52L, 17L, 94L, 
59L, 133L, 53L, 138L, 1L, 87L, 140L, 127L, 127L, 94L, 47L, 1L, 
9L, 53L, 133L, 22L, 81L, 49L, 108L, 127L, 60L, 14L, 1L, 1L, 69L, 
17L, 59L, 52L, 60L, 129L, 109L, 28L, 140L, 113L, 108L, 52L, 127L, 
52L, 49L, 109L, 113L, 108L, 117L, 129L, 47L, 129L, 77L, 19L, 
28L, 69L, 90L, 127L, 28L, 28L, 133L, 94L, 49L, 17L, 84L, 42L, 
41L, 127L, 14L, 49L, 129L, 117L, 117L, 133L, 41L, 117L, 17L, 
98L, 52L, 88L, 69L, 52L, 17L, 11L, 133L, 80L, 23L, 94L, 22L, 
41L, 11L, 25L, 127L, 41L, 9L, 13L, 1L, 59L, 74L, 1L, 129L, 14L, 
27L, 77L, 138L, 49L, 94L, 128L, 113L, 23L, 49L, 90L, 95L, 11L, 
71L, 129L, 11L, 17L, 77L, 80L, 49L, 77L, 98L, 94L, 81L, 84L, 
133L, 69L, 90L, 23L, 11L, 129L, 113L, 22L, 22L, 141L, 109L, 141L, 
120L, 120L, 27L, 95L, 120L, 11L, 70L, 90L, 117L, 95L, 27L, 23L, 
127L, 22L, 60L, 49L, 113L, 49L, 41L, 23L, 120L, 117L, 22L, 9L, 
141L, 122L, 95L, 77L, 23L, 59L, 27L, 20L, 27L, 98L, 117L, 49L, 
23L, 74L, 49L, 22L, 11L, 22L, 23L, 129L, 113L, 126L, 141L, 27L, 
141L, 120L, 14L, 17L, 69L, 11L, 84L, 11L, 122L, 27L, 117L, 117L, 
140L, 27L, 69L, 141L, 102L, 74L, 11L, 117L, 69L, 113L, 128L, 
77L, 23L, 141L, 20L, 27L, 49L, 109L, 69L, 129L, 69L, 113L, 120L, 
109L, 113L, 13L, 69L, 81L, 69L, 111L, 117L, 11L, 25L, 60L, 109L, 
95L, 138L, 31L, 23L, 9L, 111L, 131L, 20L, 27L, 141L, 39L, 81L, 
81L, 84L, 109L, 11L, 111L, 77L, 98L, 111L, 117L, 141L, 59L, 39L, 
69L, 113L, 131L, 129L, 81L, 81L, 71L, 121L, 81L, 31L, 121L, 126L, 
20L, 139L, 109L, 60L, 111L, 111L, 128L, 129L, 109L, 71L, 77L, 
31L, 68L, 102L, 111L, 86L, 111L, 74L, 70L, 95L, 81L, 81L, 141L, 
77L, 70L, 111L, 109L, 2L, 111L, 95L, 121L, 95L, 70L, 95L, 121L, 
77L, 86L, 77L, 125L, 70L, 84L, 31L, 120L, 31L, 102L, 129L, 111L, 
25L, 121L, 131L, 20L, 121L, 86L, 70L, 39L, 20L, 95L, 23L, 98L, 
13L, 86L, 111L, 19L, 31L, 109L, 59L, 60L, 77L, 138L, 121L, 141L, 
141L, 20L, 84L, 31L, 20L, 81L, 79L, 102L, 39L, 126L, 139L, 97L, 
140L, 79L, 122L, 27L, 120L, 140L, 125L, 68L, 109L, 36L, 121L, 
84L, 36L, 86L, 131L, 20L, 27L, 2L, 121L, 128L, 82L, 132L, 140L, 
98L, 140L, 95L, 102L, 121L, 84L, 95L, 39L, 71L, 82L, 79L, 20L, 
98L, 31L, 36L, 98L, 68L, 125L, 140L, 29L, 84L, 70L, 120L, 31L, 
13L, 102L, 125L, 139L, 121L, 132L, 140L, 97L, 14L, 4L, 79L, 102L, 
140L, 25L, 2L, 29L, 114L, 132L, 84L, 68L, 20L, 86L, 102L, 36L, 
31L, 60L, 76L, 128L, 89L, 4L, 138L, 16L, 3L, 59L, 29L, 82L, 2L, 
31L, 82L, 102L, 13L, 3L, 125L, 82L, 121L, 20L, 31L, 102L, 98L, 
122L, 89L, 4L, 126L, 85L, 139L, 102L, 120L, 36L, 29L, 86L, 106L, 
68L, 131L, 86L, 4L, 2L, 106L, 4L, 39L, 41L, 132L, 114L, 79L, 
68L, 13L, 36L, 60L, 36L, 36L, 97L, 86L, 86L, 128L, 4L, 16L, 3L, 
120L, 36L, 36L, 139L, 71L, 61L, 56L, 104L, 62L, 36L, 84L, 125L, 
32L, 25L, 60L, 131L, 139L, 107L, 89L, 106L, 102L, 2L, 125L, 29L, 
14L, 67L, 3L, 86L, 29L, 61L, 2L, 125L, 122L, 68L, 76L, 132L, 
29L, 29L, 39L, 4L, 13L, 50L, 2L, 60L, 122L, 131L, 112L, 56L, 
2L, 29L, 68L, 114L, 85L, 139L, 82L, 89L, 36L, 70L, 82L, 70L, 
2L, 62L, 89L, 125L, 104L, 122L, 89L, 39L, 89L, 131L, 86L, 79L, 
4L, 119L, 68L, 89L, 122L, 39L, 122L, 89L, 107L, 120L, 122L, 125L, 
29L, 106L, 103L, 126L, 89L, 64L, 125L, 70L, 70L, 70L, 13L, 122L, 
62L, 68L, 39L, 3L, 125L, 61L, 89L, 29L, 116L, 132L, 16L, 132L, 
4L, 46L, 13L, 67L, 106L, 131L, 139L, 32L, 62L, 68L, 62L, 122L, 
139L, 68L, 14L, 119L, 2L, 128L, 85L, 71L, 56L, 97L, 118L, 104L, 
103L, 107L, 39L, 13L, 82L, 4L, 3L, 89L, 73L, 131L, 29L, 3L, 50L, 
79L, 65L, 25L, 46L, 114L, 112L, 3L, 106L, 115L, 132L, 139L, 63L, 
79L, 57L, 106L, 3L, 106L, 103L, 73L, 64L, 4L, 32L, 118L, 4L, 
16L, 39L, 126L, 63L, 71L, 132L, 3L, 119L, 73L, 131L, 3L, 118L, 
128L, 116L, 61L, 85L, 128L, 2L, 16L, 73L, 50L, 139L, 13L, 57L, 
82L, 106L, 73L, 115L, 106L, 7L, 56L, 14L, 3L, 62L, 65L, 112L, 
16L, 106L, 104L, 44L, 110L, 85L, 107L, 132L, 103L, 85L, 67L, 
16L, 107L, 132L, 46L, 63L, 61L, 76L, 34L, 73L, 32L, 85L, 45L, 
131L, 64L, 139L, 118L, 48L, 118L, 61L, 112L, 58L, 79L, 107L, 
116L, 82L, 126L, 13L, 128L, 118L, 115L, 73L, 44L, 57L, 61L, 16L, 
73L, 63L, 106L, 16L, 41L, 118L, 103L, 118L, 85L, 118L, 107L, 
112L, 14L, 112L, 119L, 103L, 107L, 118L, 110L, 16L, 16L, 65L, 
34L, 61L, 56L, 62L, 10L, 46L, 64L, 115L, 32L, 103L, 132L, 50L, 
123L, 71L, 118L, 114L, 14L, 73L, 45L, 73L, 7L, 62L, 91L, 82L, 
104L, 103L, 32L, 61L, 58L, 85L, 118L, 73L, 112L, 57L, 107L, 44L, 
116L, 76L, 115L, 103L, 63L, 76L, 62L, 85L, 107L, 61L, 76L, 115L, 
35L, 107L, 10L, 112L, 67L, 8L, 32L, 123L, 134L, 65L, 6L, 96L, 
79L, 34L, 103L, 57L, 104L, 48L, 79L, 58L, 73L, 112L, 57L, 92L, 
45L, 97L, 119L, 16L, 7L, 107L, 44L, 115L, 6L, 82L, 10L, 14L, 
126L, 35L, 63L, 56L, 114L, 85L, 91L, 134L, 32L, 115L, 34L, 46L, 
61L, 110L, 32L, 8L, 62L, 96L, 57L, 57L, 85L, 104L, 76L, 97L, 
46L, 61L, 103L, 115L, 76L, 71L, 115L, 41L, 6L, 92L, 65L, 123L, 
116L, 79L, 134L, 46L, 57L, 14L, 63L, 50L, 8L, 64L, 91L, 7L, 48L, 
97L, 112L, 57L, 45L, 104L, 34L, 10L, 92L, 46L, 32L, 119L, 64L, 
58L, 96L, 46L, 35L, 115L, 32L, 63L, 119L, 134L, 50L, 116L, 65L, 
34L, 44L, 92L, 62L, 6L, 56L, 32L, 62L, 46L, 124L, 48L, 67L, 34L, 
8L, 57L, 46L, 114L, 112L, 126L, 123L, 50L, 116L, 91L, 64L, 34L, 
103L, 44L, 119L, 58L, 112L, 134L, 35L, 71L, 92L, 34L, 45L, 50L, 
104L, 92L, 34L, 96L, 65L, 67L, 7L, 10L, 6L, 110L, 64L, 116L, 
76L, 134L, 50L, 63L, 34L, 92L, 104L, 123L, 116L, 124L, 57L, 48L, 
64L, 97L, 134L, 8L, 45L, 6L, 92L, 8L, 44L, 119L, 97L, 115L, 116L, 
50L, 76L, 91L, 123L, 114L, 35L, 96L, 92L, 110L, 8L, 10L, 65L, 
8L, 71L, 8L, 67L, 6L, 58L, 97L, 7L, 97L, 104L, 56L, 126L, 8L, 
45L, 35L, 124L, 119L, 104L, 48L, 110L, 44L, 116L, 123L, 64L, 
10L, 76L, 92L, 44L, 110L, 91L, 91L, 7L, 110L, 134L, 35L, 46L, 
6L, 64L, 76L, 65L, 48L, 45L, 97L, 67L, 50L, 10L, 134L, 34L, 124L, 
92L, 126L, 58L, 96L, 71L, 8L, 6L, 123L, 91L, 7L, 44L, 123L, 63L, 
48L, 65L, 45L, 56L, 114L, 119L, 110L, 110L, 35L, 58L, 92L, 123L, 
64L, 10L, 116L, 45L, 134L, 96L, 35L, 48L, 91L, 67L, 58L, 124L, 
6L, 7L, 124L, 50L, 10L, 48L, 65L, 58L, 72L, 44L, 56L, 124L, 65L, 
67L, 126L, 67L, 119L, 45L, 7L, 123L, 134L, 8L, 35L, 48L, 56L, 
91L, 124L, 45L, 10L, 6L, 58L, 72L, 96L, 67L, 124L, 124L, 35L, 
48L, 7L, 134L, 44L, 114L, 10L, 110L, 91L, 123L, 96L, 63L, 110L, 
6L, 124L, 72L, 72L, 35L, 114L, 7L, 58L, 91L, 124L, 56L, 72L, 
63L, 96L, 96L, 114L, 72L, 96L, 72L, 72L, 72L, 72L, 72L, 72L),